100
8445914752334217384616425239834258842968210917150466215005566541456111472213037091760933758638073416
4398815833497404383300557458891269646867767909076453103008765853958604906216333634684797106664206428
8286771082877029164940354990379968768154829776376901173153395618049641671077534448274921118429399256
1759362752007192598405721111785707192826295647037746676744509574541822331633266077224086286928225362
4766425718403211513238334361607082528939511144853001865874651160354655664922072793207675869081297808
7476694835879461819149601640515425966637796410111524956164959905235395848851133183518183702317829483
1862023611973198955654432506765855495914192509942516306983591929195702176378084076187933431938077680
9964687630526775878706585245324442562437533956780357546230525667725095096099836357139173592228550170
7053827914567519264570030558599867733482516660054438344889366140838050518138181151403636760904189639
1052533765856592915599910616487594957943849123190774465049119294466691102175972864128981350234241733
6434442825551675377756324897056204190637194110220225019577555800894327574650015816218999410626029272
8078571261219053281720727033171846464431008125484024132157535209203607140471750973116393424552761263
5893924042249012121198655806386508444955397818373210445864180853294479775892734203136767461629803382
8630655633138976181284323497731212249407128412472036445716362381255654303925966937317994815722846681
6709605462495724142054390987440573538507070445548723494333704967970397118262557548692640345273367633
6199439961945692448258929730881959764323343627806586792523428344855260980003652323727374292504951646
4668308999879600145970394363920628405491659829289058606288102376825994477934530164881751188389440226
3581009814898714381929112919780581151597205649589287097246439301831224162971324997028955009008319198
1107505751545346030465314731171830721292263130790222072170310489672046850991539898050398357000101118
8917570708621518852787074371119114462055599788027306588623386109406704760102234312489684138169141873
1069620854104396625626964274858446101361184444407116163778515910759910160172954929178745734586900393
8763797011269036359150323315146763492728086849234384319286080578046156990051448944927883035172544707
0818832959819887945213801165747017356085041777149028544145996921242358468026973252724319378013683385
6494102455849072287431408200204575004627998732779334057370347518467922955393085711886763408635638331
6057846843362610056888932416686771116347246286933699205986488300524574895564820813652705169891665798
6918206426617057513859603617587592792428766191195366310009347190656117256509724003444031494492047494
0186267096180384418295549200214085030700509176274010574572280420353404671811243027021189343165894798
9928304198594568133434668032905902062827741724242919013776844119375001677277424553970108563128883278
4368372726824582803220559105658896015373263375639766424908578494117614339159059998899778598689962384
9398799350642274170439126968960640387087199317033488813137835082732303530779316831452724390060284156
6030549843664249131919905227093491464621359499959006363520065527255126300364679294105474189071652681
1880500918502126113149128997122394084478871684927155302201972617733615297001651025352968809511689449
2675111906151873306987976981291966304330609788265986548852439973998586992860654044530927239601946587
9475474057489899399454366027887412818694591134758447139964709869876332990471644154624073388975350846
3867004140342436181422856968582317914948299341379745984961503818846067147838085725771154023713068782
5062984601590389814667187473586801175782566832158446006586928388373515649954923253455916734329256600
5020665155603011330247557184726594212372607461886311342567098421575630454343219182129905131398531906
2950805194516340130045886215719774412037733787553677527545427683184389339805495082856331335322867089
6796517974928768356275204536399381371135516034808349018634815567992632796684756212174705352795051080
9371494024931711961248649329348608895403884767515664063643806174374144768345939779897540085568874545
2590606035269263452788907901646695397412531368695596837912893073654508206982969165037737489652817468
1415225480133266370119528692029246974364988322260619253246763181625394329658977490842927396248194146
7731529606692501525915277536441676945362732689736814130656789073701707610601510457349968096499181482
4280602687528465550397334644434298011290179261257029339067560452105890526897520290536751564288918027
2264339643429116256674422468682644132837756170701706054299719121163765649493445316488978582450147541
7161048673223918222283689925721200004232031178274364826452725584923929662432098819605980943272229706
7783123722804006618317883573042598747889677932382582916311282066594909194737609615053875530743923616
9787273148488995999071220742492020065316507177436997177832194346812333138312409160873138557736041898
3066110151531210449438289485418284105289298005050017932370427349814507851729764959541357985126801852
0085903744865643959519973062137253526377117720531179019728314549032695915323697707616601895220763900
3739228093750831715254061881998909861747473240415859365188975919611922237752096745381693302370014580
4330434259018581730324912818701247484365773110859206373455161990402472072267804358692179798490940761
7335988216320747165679441995989425192361490849380506336176363900914885439522367235684710548779078093
5336242967863216453196061643078902285033913784045361556627219960556403372473572378913454027243822705
1177520919122701784919620763393028164168070085410860194489216067443490822830709161933249560661349700
8548446210194222747978851951313704738140502113128089733708604971340316311467846099519215764180135669
3318046527846174803134826892246976819339376398538159469377374244929717920338626826106440989895755425
3719210175300067658215833512196533977719989678712578343962121010451229639438382176731419567368433049
9245172213791129317126262486621027786970171913109578235029438128232264462820160773778934985738607346
9302295372913568689251173490222596889436090388086658029023137535015615307761622450237198555131754628
8569253987764832750642050195275078520203120178380463087027348718481410199700775998474610379551260829
4373420302244415894011022095941274373096277651612189523634224950112771983697634686072976436659947415
0550317954798860445682096006343275634731218640914171415527728373427699281243210680142643161584997079
2435074793278445145243528188697805129872126846015538936968161746201118008644492484845723547842866380
4825489306134351896789174804625962461652308592298759638271452328101818767862568351004119850625637815
2914533789225703275626357194371306088868394274845117946072090062613209342750715630381804941185360886
5246017148359863238979112273452621024791637256576321227289392630432182760608823706426478088201495552
8945665112301723822904262858430900378658259094588884460383125359873344592586335818986661163123217256
3409130191623848944097671807197894830369982594595375577569920081174657249061984911035524358701248762
9251744082908619670341283320249338412016577105254997960119873915218827735269140728007373665857367283
0559735232726034677140688484234712833064098135989917309758828071999068647115387179300072346398770635
0766090857551993586300043521437893120102341507490335961370149940170837899220641851030056411988454769
6827152003588007553612591022018694603061949834682784302056929883933279767171047150572367498552718899
7808345063441233401193883089995520685681139741270736462112456929032170258836105862345635402487129353
6105320458283656357357569035156608199629209425958313298416488615400137658812813198761393203763150666
5956561461012083395183899254337546673133474269005921990383673649246437577566973676283431903347343733
8842700459314424592433160644001465546937787005137823311397651034054448678690545659163419630545964203
9365833933083560760841745941259878408850089859183399110809598115253067422007305698754719031665888628
5045992572494618372379313570133438578674111023866827841392668317157031998571435299181805506813760778
6675687786572763566329374061093338063106541659640037822876774547816158937415386566697369679008429897
6919350149111781322316555280892060623353917161912439600955194877109384311778989201874412266186756916
4774053495355906706185446796453480044771500321965489346755291546433681077728714648665233921202324128
1814114184374295035363469679462311909146566575217599012663640554123393400151543001472254989352173193
6362768306957232408331130171123813248708082644719239627577899403453348474874155070937359182694410975
5617060201427294855745185389957500726086928235034912402934777164287667678464339051995578928327007461
2697738344837141317820484950989929235978358915854051235712595874069000158309206136040485496163537490
4873283047730918511298950025158858237464662684934812758001834129176933644129647861419140022782213387
0181084801581333987147519779888849114378436703349056610031762953128227946066670685104703642004395655
6934299431951864670100328152851345777365656908228974391424046315212970097403035797378662240149655047
8435851411403011155886842451545451344965107994346831408788753532269791480911478798770630451304381114
2287077822020222709823590913844591593447542790477337874733574028351370312795821512026929827410736792
8394411689208174538928887678859634969116795306373824127034875169279483791617115429836672961275877647
9908887263460069563455979464006625624847862457160373761085185516766155939248917459109493067706632838
9570689848624289688461393365354068741129228735421212005410994345601841040160362424708687607640540647
5261266700726315834785375303689026757685578734196307589407394478972947013926534061739765292360150577
5511873146051845805699858063007444704744427510420477710407757089457610981584115175763857489275481457
3234672126879746044476222562074471653903897915562173797049105599969755743691546768298143305433327918
5159634983016142065776346177262056470518942523729579397901276263189897939559440919704040769338611847
2986560624684030434672433728342835113167029184072600956299506882456367624015190847369747502727123282
9492899108268116253810265742683000273332566249079464036872515907831050602735875842032834895864663052